video_id,frame_seq,time_seconds,time_datetime,instance_ref,0,1,2,3,4,5,6,7,8,9,10,11,12,13,14,15,16,17,18,19,20,21,22,23,24,25,26,27,28,29,30,31,32,33,34,35,36,37,38,39,40,41,42,43,44,45,46,47,48,49,50,51,52,53,54,55,56,57,58,59,60,61,62,63,64,65,66,67
275,0,0.0,0:00:00,0,"(2974.3961739502556, 457.96258551297586)","(2969.6749101820806, 514.617750731076)","(2969.6749101820806, 566.551652181001)","(2969.6749101820806, 623.2068173991012)","(2974.3961739502556, 679.8619826172013)","(2988.5599652547808, 731.7958840671264)","(3016.8875478638306, 774.2872579807015)","(3049.9363942410555, 812.0573681261016)","(3101.870295690981, 835.6636869669766)","(3153.804197140906, 835.6636869669766)","(3205.738098590831, 816.7786318942765)","(3248.229472504406, 788.4510492852265)","(3285.999582649806, 750.6809391398264)","(3309.6059014906814, 698.7470376899013)","(3328.490956563381, 651.5344000081512)","(3352.0972754042564, 594.8792347900511)","(3366.2610667087815, 538.224069571951)","(3016.8875478638306, 439.07753044027584)","(3049.9363942410555, 424.9137391357508)","(3087.706504386456, 434.3562666721008)","(3120.755350763681, 448.5200579766258)","(3153.804197140906, 467.40511304932585)","(3215.180626127181, 486.29016812202593)","(3252.9507362725813, 476.8476405856759)","(3285.999582649806, 476.8476405856759)","(3319.048429027031, 481.5689043538509)","(3342.6547478679063, 505.17522319472596)","(3172.689252213606, 514.617750731076)","(3163.2467246772558, 552.387860876476)","(3158.5254609090807, 590.157971021876)","(3149.082933372731, 623.2068173991012)","(3101.870295690981, 637.3706087036262)","(3120.755350763681, 651.5344000081512)","(3139.640405836381, 660.9769275445012)","(3163.2467246772558, 660.9769275445012)","(3186.853043518131, 656.2556637763262)","(3049.9363942410555, 486.29016812202593)","(3073.5427130819307, 476.8476405856759)","(3101.870295690981, 486.29016812202593)","(3120.755350763681, 509.89648696290095)","(3092.427768154631, 509.89648696290095)","(3064.1001855455806, 505.17522319472596)","(3219.901889895356, 533.502805803776)","(3248.229472504406, 519.339014499251)","(3271.835791345281, 519.339014499251)","(3295.4421101861562, 538.224069571951)","(3271.835791345281, 547.6665971083011)","(3243.508208736231, 542.945333340126)","(3054.6576580092305, 689.3045101535513)","(3082.985240618281, 684.5832463853762)","(3111.3128232273307, 684.5832463853762)","(3130.197878300031, 694.0257739217263)","(3153.804197140906, 694.0257739217263)","(3182.131779749956, 703.4683014580763)","(3205.738098590831, 722.3533565307764)","(3172.689252213606, 741.2384116034764)","(3144.361669604556, 745.9596753716514)","(3120.755350763681, 745.9596753716514)","(3097.149031922806, 736.5171478353013)","(3073.5427130819307, 717.6320927626014)","(3064.1001855455806, 694.0257739217263)","(3106.5915594591556, 708.1895652262514)","(3130.197878300031, 712.9108289944263)","(3149.082933372731, 717.6320927626014)","(3191.574307286306, 722.3533565307764)","(3149.082933372731, 722.3533565307764)","(3125.476614531856, 717.6320927626014)","(3106.5915594591556, 712.9108289944263)"
275,1,0.0333666666666666,0:00:00.033367,0,"(2961.0319566528465, 454.4621832204527)","(2956.346779506244, 510.684308979684)","(2956.346779506244, 566.9064347389152)","(2956.346779506244, 623.1285604981465)","(2961.0319566528465, 674.6655091107751)","(2975.0874880926544, 726.2024577234038)","(2998.5133738256673, 773.0542291894299)","(3035.994790998488, 805.8504692156481)","(3082.846562464514, 829.2763549486612)","(3134.383511077143, 829.2763549486612)","(3185.9204596897716, 815.2208235088533)","(3232.7722311557977, 787.1097606292377)","(3265.568471182016, 749.6283434564168)","(3288.9943569150287, 707.4617491369934)","(3307.7350655014393, 655.9248005243647)","(3331.160951234452, 604.3878519117361)","(3349.9016598208627, 548.1657261525048)","(3003.19855097227, 435.7214746340423)","(3035.994790998488, 421.66594319423444)","(3073.476208171309, 431.0362974874397)","(3110.95762534413, 445.0918289272475)","(3139.0686882237455, 468.51771466026054)","(3204.661168276182, 482.57324610006833)","(3242.1425854490026, 477.88806895346573)","(3279.624002621824, 477.88806895346573)","(3307.7350655014393, 487.25842324667093)","(3331.160951234452, 510.684308979684)","(3162.4945739567584, 515.3694861262866)","(3153.1242196635535, 552.8509032991074)","(3143.753865370348, 585.6471433253256)","(3139.0686882237455, 623.1285604981465)","(3092.2169167577194, 632.4989147913517)","(3110.95762534413, 646.5544462311595)","(3129.6983339305402, 660.6099776709673)","(3148.439042516951, 655.9248005243647)","(3171.8649282499637, 651.2396233777621)","(3040.6799681450907, 487.25842324667093)","(3064.105853878104, 477.88806895346573)","(3092.2169167577194, 487.25842324667093)","(3110.95762534413, 510.684308979684)","(3082.846562464514, 510.684308979684)","(3054.7354995848987, 501.3139546864788)","(3209.3463454227845, 538.7953718592996)","(3232.7722311557977, 520.0546632728892)","(3260.883294035413, 524.7398404194918)","(3279.624002621824, 543.4805490059022)","(3260.883294035413, 552.8509032991074)","(3232.7722311557977, 548.1657261525048)","(3045.3651452916934, 688.721040550583)","(3073.476208171309, 679.3506862573778)","(3101.5872710509248, 679.3506862573778)","(3120.327979637335, 688.721040550583)","(3139.0686882237455, 688.721040550583)","(3167.179751103361, 702.7765719903908)","(3190.6056368363743, 721.5172805768012)","(3157.8093968101557, 740.2579891632116)","(3129.6983339305402, 744.9431663098143)","(3106.2724481975274, 740.2579891632116)","(3082.846562464514, 735.572812016609)","(3059.4206767315013, 716.8321034301986)","(3054.7354995848987, 693.4062176971855)","(3096.902093904322, 702.7765719903908)","(3115.6428024907323, 707.4617491369934)","(3139.0686882237455, 712.146926283596)","(3176.5501053965663, 721.5172805768012)","(3134.383511077143, 716.8321034301986)","(3110.95762534413, 716.8321034301986)","(3092.2169167577194, 707.4617491369934)"
275,2,0.0667333333333332,0:00:00.066733,0,"(2970.402310946052, 459.1473603670553)","(2965.717133799449, 515.3694861262866)","(2965.717133799449, 566.9064347389152)","(2961.0319566528465, 623.1285604981465)","(2965.717133799449, 679.3506862573778)","(2979.772665239257, 730.8876348700064)","(3007.8837281188726, 773.0542291894299)","(3040.6799681450907, 810.5356463622506)","(3087.531739611117, 833.9615320952637)","(3143.753865370348, 833.9615320952637)","(3195.290813982977, 815.2208235088533)","(3237.4574083024004, 791.7949377758403)","(3274.938825475221, 749.6283434564168)","(3298.364711208234, 707.4617491369934)","(3317.1054197946446, 655.9248005243647)","(3340.5313055276574, 604.3878519117361)","(3359.272014114068, 552.8509032991074)","(3017.254082412078, 435.7214746340423)","(3050.050322438296, 426.3511203408371)","(3087.531739611117, 431.0362974874397)","(3120.327979637335, 449.7770060738501)","(3148.439042516951, 468.51771466026054)","(3218.7166997159898, 487.25842324667093)","(3256.1981168888105, 482.57324610006833)","(3284.309179768426, 482.57324610006833)","(3317.1054197946446, 491.9436003932735)","(3335.8461283810548, 515.3694861262866)","(3171.8649282499637, 520.0546632728892)","(3167.179751103361, 557.53608044571)","(3157.8093968101557, 590.3323204719283)","(3148.439042516951, 623.1285604981465)","(3101.5872710509248, 632.4989147913517)","(3120.327979637335, 646.5544462311595)","(3139.0686882237455, 660.6099776709673)","(3162.4945739567584, 660.6099776709673)","(3181.235282543169, 655.9248005243647)","(3050.050322438296, 487.25842324667093)","(3073.476208171309, 482.57324610006833)","(3101.5872710509248, 491.9436003932735)","(3120.327979637335, 515.3694861262866)","(3092.2169167577194, 510.684308979684)","(3068.7910310247066, 505.9991318330814)","(3218.7166997159898, 543.4805490059022)","(3242.1425854490026, 529.4250175660944)","(3270.2536483286185, 538.7953718592996)","(3284.309179768426, 552.8509032991074)","(3265.568471182016, 557.53608044571)","(3242.1425854490026, 552.8509032991074)","(3050.050322438296, 693.4062176971855)","(3078.1613853179115, 679.3506862573778)","(3110.95762534413, 679.3506862573778)","(3129.6983339305402, 693.4062176971855)","(3153.1242196635535, 693.4062176971855)","(3176.5501053965663, 707.4617491369934)","(3195.290813982977, 726.2024577234038)","(3162.4945739567584, 744.9431663098143)","(3134.383511077143, 749.6283434564168)","(3110.95762534413, 744.9431663098143)","(3092.2169167577194, 735.572812016609)","(3068.7910310247066, 716.8321034301986)","(3064.105853878104, 693.4062176971855)","(3106.2724481975274, 702.7765719903908)","(3125.0131567839376, 712.146926283596)","(3143.753865370348, 716.8321034301986)","(3181.235282543169, 726.2024577234038)","(3139.0686882237455, 721.5172805768012)","(3120.327979637335, 716.8321034301986)","(3101.5872710509248, 712.146926283596)"
275,3,0.1000999999999998,0:00:00.100100,0,"(3014.082612029612, 469.17323677819434)","(3009.343488425792, 526.042720024036)","(3004.604364821972, 582.9122032698779)","(3004.604364821972, 635.0425629118994)","(3009.343488425792, 691.9120461577412)","(3023.5608592372523, 744.0424057997627)","(3047.2564772563533, 786.6945182341441)","(3080.430342483094, 819.8683834608851)","(3127.8215785212956, 843.5640014799858)","(3179.951938163317, 848.303125083806)","(3232.082297805339, 829.3466306685253)","(3279.4735338435403, 805.6510126494246)","(3312.647399070281, 762.9989002150434)","(3341.0821406932023, 720.346787780662)","(3364.777758712303, 668.2164281386405)","(3383.7342531275835, 620.8251921004389)","(3402.690747542864, 563.9557088545972)","(3066.2129716716336, 440.7384951552735)","(3099.386836898375, 431.26024794763316)","(3132.5607021251158, 440.7384951552735)","(3170.473690955677, 454.9558659667339)","(3198.908432578598, 473.91236038201447)","(3265.2561630320797, 492.86885479729506)","(3298.430028258821, 488.1297311934749)","(3331.603893485562, 492.86885479729506)","(3360.0386351084826, 497.6079784011152)","(3378.9951295237634, 521.303596420216)","(3217.8649269938783, 530.7818436278562)","(3208.386679786238, 563.9557088545972)","(3203.6475561824177, 597.1295740813382)","(3194.169308974778, 635.0425629118994)","(3142.038949332756, 644.5208101195396)","(3160.9954437480365, 658.7381809310001)","(3184.6910617671374, 668.2164281386405)","(3208.386679786238, 668.2164281386405)","(3227.3431742015187, 663.4773045348203)","(3099.386836898375, 507.0862256087555)","(3127.8215785212956, 507.0862256087555)","(3151.5171965403965, 516.5644728163958)","(3165.7345673518566, 526.042720024036)","(3142.038949332756, 526.042720024036)","(3118.343331313655, 521.303596420216)","(3260.5170394282595, 554.477461646957)","(3288.9517810511807, 554.477461646957)","(3307.908275466461, 563.9557088545972)","(3326.8647698817417, 573.4339560622375)","(3303.169151862641, 578.1730796660577)","(3279.4735338435403, 568.6948324584174)","(3094.6477132945547, 701.3902933653815)","(3123.0824549174754, 687.172922553921)","(3156.2563201442163, 687.172922553921)","(3170.473690955677, 691.9120461577412)","(3189.4301853709576, 696.6511697615613)","(3217.8649269938783, 710.8685405730217)","(3232.082297805339, 734.5641585921225)","(3203.6475561824177, 753.520653007403)","(3175.212814559497, 758.2597766112232)","(3151.5171965403965, 758.2597766112232)","(3132.5607021251158, 748.7815294035829)","(3108.865084106015, 729.8250349883023)","(3108.865084106015, 701.3902933653815)","(3146.7780729365763, 706.1294169692015)","(3165.7345673518566, 710.8685405730217)","(3184.6910617671374, 715.6076641768419)","(3222.6040505976985, 729.8250349883023)","(3179.951938163317, 729.8250349883023)","(3160.9954437480365, 729.8250349883023)","(3142.038949332756, 720.346787780662)"
275,4,0.1334666666666664,0:00:00.133467,0,"(3049.7877581717576, 473.2429279921693)","(3040.2272949799967, 525.8254755468548)","(3035.447063384116, 583.1882546974208)","(3035.447063384116, 640.5510338479868)","(3040.2272949799967, 697.9138129985528)","(3054.567989767638, 750.4963605532382)","(3078.4691477470406, 793.5184449161627)","(3111.930768918204, 831.7602976832067)","(3159.7330848770093, 850.8812240667287)","(3217.0958640275753, 855.6614556626091)","(3269.6784115822607, 836.5405292790872)","(3312.700495945185, 812.6393712996846)","(3350.942348712229, 774.3975185326407)","(3374.843506691632, 726.5952025738356)","(3398.744664671034, 678.7928866150307)","(3417.8655910545563, 626.2103390603453)","(3436.986517438078, 573.6277915056597)","(3102.3703057264433, 444.5615384168863)","(3135.8319268976065, 435.0010752251253)","(3169.29354806877, 444.5615384168863)","(3202.755169239934, 458.9022332045278)","(3236.216790411097, 478.0231595880498)","(3303.1400327534243, 497.1440859715718)","(3336.6016539245875, 497.1440859715718)","(3370.063275095751, 497.1440859715718)","(3398.744664671034, 506.7045491633328)","(3413.0853594586756, 530.6057071427352)","(3255.337716794619, 535.3859387386158)","(3245.7772536028583, 568.8475599097793)","(3236.216790411097, 602.3091810809427)","(3231.436558815217, 635.7708022521063)","(3178.854011260531, 645.3312654438672)","(3197.974937644053, 659.6719602315087)","(3217.0958640275753, 674.0126550191502)","(3240.9970220069777, 674.0126550191502)","(3260.1179483905, 669.2324234232698)","(3135.8319268976065, 511.48478075921327)","(3159.7330848770093, 516.2650123550937)","(3188.4144744522923, 521.0452439509743)","(3202.755169239934, 530.6057071427352)","(3178.854011260531, 535.3859387386158)","(3154.9528532811287, 530.6057071427352)","(3293.579569561663, 564.0673283138988)","(3322.260959136946, 564.0673283138988)","(3346.162117116349, 573.6277915056597)","(3365.2830434998705, 583.1882546974208)","(3341.381885520468, 587.9684862933012)","(3317.480727541066, 578.4080231015403)","(3131.0516953017263, 702.6940445944332)","(3159.7330848770093, 693.1335814026722)","(3188.4144744522923, 688.3533498067917)","(3202.755169239934, 697.9138129985528)","(3226.656327219336, 697.9138129985528)","(3245.7772536028583, 717.0347393820747)","(3264.89817998638, 740.9358973614771)","(3236.216790411097, 760.0568237449992)","(3207.535400835814, 764.8370553408797)","(3188.4144744522923, 760.0568237449992)","(3169.29354806877, 750.4963605532382)","(3145.392390089368, 736.1556657655967)","(3140.612158493487, 707.4742761903137)","(3183.6342428564117, 712.2545077861943)","(3197.974937644053, 717.0347393820747)","(3221.8760956234555, 721.8149709779552)","(3250.5574851987385, 740.9358973614771)","(3217.0958640275753, 736.1556657655967)","(3193.1947060481725, 731.3754341697162)","(3178.854011260531, 721.8149709779552)"
275,5,0.166833333333333,0:00:00.166833,0,"(3035.552384536721, 460.79590187803126)","(3026.051438106246, 517.8015804608805)","(3021.300964891009, 574.8072590437297)","(3021.300964891009, 627.0624644113415)","(3021.300964891009, 684.0681429941907)","(3035.552384536721, 736.3233483618025)","(3064.0552238281457, 783.8280805141768)","(3097.3085363348077, 821.8318662360763)","(3149.5637417024195, 840.8337590970261)","(3206.5694202852687, 845.5842323122636)","(3254.074152437643, 826.5823394513137)","(3301.5788845900174, 802.8299733751265)","(3334.83219709668, 764.8261876532271)","(3358.584563172867, 717.3214555008527)","(3382.3369292490543, 669.8167233484784)","(3401.338822110004, 622.311991196104)","(3420.3407149709537, 570.0567858284923)","(3083.0571166890954, 441.7940090170815)","(3116.3104291957575, 427.5425893713692)","(3154.314214917657, 437.0435358018441)","(3187.567527424319, 451.2949554475564)","(3220.820839930981, 475.04732152374356)","(3282.5769917290677, 494.0492143846933)","(3320.580777450967, 489.29874116945587)","(3353.8340899576297, 494.0492143846933)","(3382.3369292490543, 503.55016081516817)","(3401.338822110004, 532.0530001065928)","(3239.822732791931, 532.0530001065928)","(3235.0722595766933, 565.3063126132548)","(3225.5713131462185, 593.8091519046794)","(3216.0703667157436, 627.0624644113415)","(3163.815161348132, 641.3138840570538)","(3182.8170542090816, 655.5653037027661)","(3201.8189470700313, 669.8167233484784)","(3225.5713131462185, 665.0662501332409)","(3249.3236792224056, 665.0662501332409)","(3121.060902410995, 503.55016081516817)","(3149.5637417024195, 508.3006340304056)","(3173.3161077786067, 517.8015804608805)","(3187.567527424319, 527.3025268913553)","(3163.815161348132, 527.3025268913553)","(3140.0627952719447, 522.5520536761179)","(3277.8265185138303, 560.5558393980174)","(3306.329357805255, 560.5558393980174)","(3334.83219709668, 570.0567858284923)","(3349.083616742392, 579.5577322589671)","(3330.0817238814425, 584.3082054742046)","(3301.5788845900174, 574.8072590437297)","(3116.3104291957575, 698.319562639903)","(3144.813268487182, 684.0681429941907)","(3178.066580993844, 684.0681429941907)","(3192.3180006395564, 693.5690894246655)","(3211.319893500506, 693.5690894246655)","(3235.0722595766933, 707.8205090703779)","(3249.3236792224056, 731.572875146565)","(3220.820839930981, 745.8242947922773)","(3197.068473854794, 750.5747680075148)","(3173.3161077786067, 745.8242947922773)","(3159.0646881328944, 736.3233483618025)","(3135.312322056707, 722.0719287160902)","(3130.56184884147, 698.319562639903)","(3168.5656345633693, 707.8205090703779)","(3187.567527424319, 712.5709822856153)","(3206.5694202852687, 717.3214555008527)","(3235.0722595766933, 731.572875146565)","(3201.8189470700313, 722.0719287160902)","(3182.8170542090816, 717.3214555008527)","(3168.5656345633693, 712.5709822856153)"
275,6,0.2001999999999996,0:00:00.200200,0,"(3030.2755167079895, 459.27613300105463)","(3020.805905718277, 516.0937989393294)","(3016.0711002234207, 572.9114648776042)","(3016.0711002234207, 624.9943253210228)","(3016.0711002234207, 681.8119912592975)","(3030.2755167079895, 733.8948517027162)","(3053.9495441822705, 781.2429066512785)","(3091.8279881411204, 814.3865451152722)","(3139.1760430896825, 838.0605725895533)","(3195.9937090279573, 842.7953780844095)","(3243.34176397652, 828.5909615998409)","(3290.6898189250824, 800.1821286307035)","(3323.8334573890756, 767.0384901667098)","(3347.507484863357, 719.6904352181475)","(3371.181512337638, 672.3423802695851)","(3394.8555398119192, 624.9943253210228)","(3413.794761791344, 572.9114648776042)","(3087.0931826462643, 435.60210552677347)","(3120.2368211102576, 421.3976890422048)","(3153.3804595742513, 430.86730003191724)","(3186.524098038245, 445.07171651648594)","(3219.6677365022388, 464.01093849591086)","(3281.2202079353697, 487.684965970192)","(3319.0986518942195, 487.684965970192)","(3347.507484863357, 492.41977146504826)","(3375.9163178324943, 501.8893824547607)","(3394.8555398119192, 525.5634099290419)","(3233.872152986807, 520.8286044341856)","(3229.137347491951, 553.9722428981793)","(3219.6677365022388, 587.1158813621729)","(3210.198125512526, 620.2595198261665)","(3158.1152650691074, 634.4639363107352)","(3177.0544870485323, 648.6683527953039)","(3195.9937090279573, 662.8727692798726)","(3219.6677365022388, 658.1379637850164)","(3238.6069584816637, 658.1379637850164)","(3120.2368211102576, 497.1545769599045)","(3143.910848584539, 497.1545769599045)","(3167.58487605882, 506.62418794961695)","(3181.789292543389, 516.0937989393294)","(3162.850070563964, 516.0937989393294)","(3139.1760430896825, 511.3589934444732)","(3276.4854024405136, 549.237437403323)","(3304.8942354096507, 549.237437403323)","(3328.568262883932, 558.7070483930355)","(3342.7726793685006, 572.9114648776042)","(3319.0986518942195, 572.9114648776042)","(3300.1594299147946, 563.4418538878917)","(3115.5020156154014, 691.28160224901)","(3143.910848584539, 677.0771857644413)","(3172.319681553676, 677.0771857644413)","(3186.524098038245, 686.5467967541538)","(3205.46332001767, 686.5467967541538)","(3224.402541997095, 705.4860187335788)","(3238.6069584816637, 729.16004620786)","(3214.932931007382, 738.6296571975724)","(3191.258903533101, 743.3644626924287)","(3167.58487605882, 738.6296571975724)","(3148.645654079395, 729.16004620786)","(3129.7064320999702, 714.9556297232913)","(3124.971626605114, 691.28160224901)","(3162.850070563964, 700.7512132387226)","(3181.789292543389, 705.4860187335788)","(3200.728514522814, 710.220824228435)","(3229.137347491951, 724.4252407130037)","(3195.9937090279573, 714.9556297232913)","(3177.0544870485323, 710.220824228435)","(3162.850070563964, 700.7512132387226)"
275,7,0.2335666666666662,0:00:00.233567,0,"(3024.6450362520627, 452.98896018751645)","(3015.2077662481565, 504.8939452090027)","(3010.489131246203, 561.5175652324423)","(3005.77049624425, 618.1411852558819)","(3005.77049624425, 670.0461702773681)","(3019.9264012501094, 726.6697903008077)","(3048.2382112618293, 769.1375053183873)","(3081.2686562755025, 806.8865853340137)","(3128.455006295035, 830.4797603437802)","(3185.078626318475, 835.1983953457334)","(3236.983611339961, 821.0424903398736)","(3279.451326357541, 797.4493153301071)","(3312.481771371214, 759.7002353144807)","(3340.7935813829336, 717.232520296901)","(3364.3867563927, 670.0461702773681)","(3387.9799314024667, 622.859820257835)","(3406.85447141028, 570.9548352363488)","(3076.550021273549, 429.39578517775)","(3114.2991012891757, 415.2398801718901)","(3147.3295463028485, 424.67715017579667)","(3180.3599913165217, 438.83305518165656)","(3208.6718013282416, 462.42623019142303)","(3279.451326357541, 486.0194052011895)","(3312.481771371214, 481.30077019923624)","(3345.512216384887, 486.0194052011895)","(3373.8240263966068, 495.45667520509613)","(3387.9799314024667, 523.7684852168159)","(3227.546341336055, 514.3312152129093)","(3222.8277063341015, 547.3616602265823)","(3213.390436330195, 580.3921052402554)","(3203.9531663262883, 613.4225502539285)","(3152.048181304802, 627.5784552597884)","(3170.922721312615, 641.7343602656483)","(3189.7972613204283, 651.1716302695548)","(3213.390436330195, 651.1716302695548)","(3232.2649763380077, 646.4529952676016)","(3109.5804662872224, 486.0194052011895)","(3133.1736412969885, 486.0194052011895)","(3161.4854513087084, 495.45667520509613)","(3175.6413563145684, 509.61258021095597)","(3152.048181304802, 509.61258021095597)","(3128.455006295035, 500.1753102070494)","(3270.0140563536343, 542.6430252246291)","(3298.325866365354, 537.9243902226758)","(3321.9190413751207, 547.3616602265823)","(3340.7935813829336, 561.5175652324423)","(3317.2004063731674, 561.5175652324423)","(3293.607231363401, 556.798930230489)","(3109.5804662872224, 688.9207102851813)","(3137.892276298942, 674.7648052793214)","(3166.2040863106618, 670.0461702773681)","(3175.6413563145684, 679.4834402812746)","(3194.5158963223816, 679.4834402812746)","(3218.1090713321482, 698.3579802890879)","(3232.2649763380077, 726.6697903008077)","(3203.9531663262883, 740.8256953066675)","(3180.3599913165217, 740.8256953066675)","(3161.4854513087084, 736.1070603047142)","(3142.610911300895, 726.6697903008077)","(3123.736371293082, 712.5138852949477)","(3119.017736291129, 688.9207102851813)","(3156.766816306755, 698.3579802890879)","(3170.922721312615, 703.0766152910411)","(3189.7972613204283, 707.7952502929944)","(3218.1090713321482, 721.9511552988544)","(3189.7972613204283, 712.5138852949477)","(3170.922721312615, 707.7952502929944)","(3152.048181304802, 698.3579802890879)"
275,8,0.2669333333333328,0:00:00.266933,0,"(3080.7366500611715, 455.1632686715572)","(3066.3630731557537, 512.6575762932276)","(3061.5718808539477, 565.3606916130921)","(3056.7806885521422, 622.8549992347625)","(3056.7806885521422, 680.3493068564329)","(3071.1542654575596, 733.0524221762973)","(3095.110226966589, 776.1731528925502)","(3133.439765381036, 819.293883608803)","(3181.3516883990947, 838.4586528160264)","(3234.054803718959, 843.2498451178323)","(3286.7579190388237, 828.8762682124147)","(3329.8786497550764, 804.9203067033853)","(3368.2081881695235, 771.3819605907444)","(3392.164149678553, 728.2612298744915)","(3416.120111187582, 685.1404991582388)","(3440.0760726966114, 637.22857614018)","(3459.2408419038347, 584.5254608203155)","(3128.64857307923, 426.416114860722)","(3162.1869191918713, 416.8337302571103)","(3200.516457606318, 426.416114860722)","(3234.054803718959, 440.7896917661396)","(3262.8019575297944, 464.74565327516893)","(3334.6698420568823, 488.7016147841983)","(3368.2081881695235, 488.7016147841983)","(3401.7465342821642, 493.4928070860041)","(3430.4936880929995, 503.07519168961585)","(3444.8672649984173, 527.0311531986451)","(3281.966726737018, 517.4487685950335)","(3272.384342133406, 550.9871147076746)","(3267.5931498316004, 584.5254608203155)","(3258.0107652279885, 618.0638069329566)","(3205.307649908124, 627.6461915365684)","(3224.4724191153473, 646.8109607437918)","(3238.845996020765, 656.3933453474035)","(3262.8019575297944, 656.3933453474035)","(3281.966726737018, 656.3933453474035)","(3157.3957268900654, 483.9104224823924)","(3186.1428807009006, 483.9104224823924)","(3210.09884220993, 493.4928070860041)","(3229.2636114171532, 512.6575762932276)","(3205.307649908124, 507.86638399142174)","(3176.5604960972887, 498.28399938781)","(3325.0874574532704, 541.4047301040628)","(3358.6258035659116, 536.6135378022569)","(3382.581765074941, 546.1959224058686)","(3396.9553419803583, 565.3606916130921)","(3372.999380471329, 565.3606916130921)","(3349.0434189622997, 555.7783070094804)","(3157.3957268900654, 689.9316914600446)","(3186.1428807009006, 675.558114554627)","(3214.890034511736, 675.558114554627)","(3229.2636114171532, 685.1404991582388)","(3248.4283806243766, 685.1404991582388)","(3267.5931498316004, 704.3052683654622)","(3281.966726737018, 733.0524221762973)","(3253.2195729261825, 747.425999081715)","(3229.2636114171532, 747.425999081715)","(3210.09884220993, 742.6348067799091)","(3195.725265304512, 737.8436144781033)","(3171.7693037954828, 718.6788452708798)","(3171.7693037954828, 694.7228837618504)","(3210.09884220993, 699.5140760636564)","(3224.4724191153473, 709.096460667268)","(3243.6371883225706, 709.096460667268)","(3267.5931498316004, 728.2612298744915)","(3238.845996020765, 718.6788452708798)","(3219.6812268135413, 713.8876529690739)","(3205.307649908124, 709.096460667268)"
275,9,0.3002999999999994,0:00:00.300300,0,"(3034.504615716746, 443.61342749202817)","(3020.3467403712557, 500.2449288739892)","(3015.6274485894255, 552.1571384741202)","(3010.9081568075953, 604.0693480742511)","(3010.9081568075953, 660.7008494562122)","(3025.0660321530854, 712.6130590563431)","(3053.381782844066, 759.805976874644)","(3086.416825316877, 797.5603111292846)","(3133.6097431351777, 821.1567700384351)","(3185.521952735309, 825.8760618202651)","(3237.4341623354394, 811.7181864747749)","(3284.6270801537403, 788.1217275656245)","(3317.662122626551, 755.0866850928139)","(3341.2585815357015, 717.3323508381732)","(3364.855040444852, 670.1394330198723)","(3388.4514993540024, 622.9465152015714)","(3412.047958263153, 575.7535973832706)","(3086.416825316877, 420.0169685828777)","(3119.451867789687, 405.85909323738747)","(3157.206202044328, 415.29767680104766)","(3194.9605362989687, 429.4555521465379)","(3223.2762869899493, 448.33271927385823)","(3284.6270801537403, 471.9291781830087)","(3322.3814144083813, 471.9291781830087)","(3355.4164568811916, 481.36776174666886)","(3383.7322075721722, 490.80634531032905)","(3397.8900829176623, 519.1220960013095)","(3237.4341623354394, 500.2449288739892)","(3232.714870553609, 533.2799713467998)","(3223.2762869899493, 566.3150138196104)","(3213.837703426289, 599.3500562924211)","(3157.206202044328, 608.7886398560812)","(3176.0833691716484, 622.9465152015714)","(3194.9605362989687, 637.1043905470617)","(3218.556995208119, 637.1043905470617)","(3237.4341623354394, 637.1043905470617)","(3114.7325760078575, 467.2098864011786)","(3143.0483266988376, 462.4905946193485)","(3166.644785607988, 471.9291781830087)","(3185.521952735309, 495.5256370921591)","(3157.206202044328, 490.80634531032905)","(3133.6097431351777, 481.36776174666886)","(3279.90778837191, 528.5606795649697)","(3308.2235390628907, 519.1220960013095)","(3336.5392897538713, 528.5606795649697)","(3350.6971650993614, 547.43784669229)","(3327.100706190211, 547.43784669229)","(3303.5042472810605, 537.9992631286299)","(3110.0132842260273, 674.8587248017024)","(3138.329034917008, 655.9815576743821)","(3166.644785607988, 651.262265892552)","(3180.8026609534786, 660.7008494562122)","(3204.399119862629, 665.4201412380422)","(3223.2762869899493, 684.2973083653626)","(3237.4341623354394, 717.3323508381732)","(3209.118411644459, 731.4902261836635)","(3185.521952735309, 731.4902261836635)","(3161.9254938261583, 726.7709344018334)","(3143.0483266988376, 722.0516426200032)","(3124.1711595715174, 698.4551837108528)","(3124.1711595715174, 674.8587248017024)","(3161.9254938261583, 674.8587248017024)","(3176.0833691716484, 684.2973083653626)","(3194.9605362989687, 689.0166001471927)","(3223.2762869899493, 712.6130590563431)","(3190.2412445171385, 703.174475492683)","(3171.3640773898182, 698.4551837108528)","(3157.206202044328, 693.7358919290227)"
275,10,0.333666666666666,0:00:00.333667,0,"(3085.5278423629775, 445.5808840679455)","(3071.1542654575596, 498.28399938781)","(3066.3630731557537, 555.7783070094804)","(3056.7806885521422, 613.2726146311508)","(3056.7806885521422, 665.9757299510153)","(3071.1542654575596, 718.6788452708798)","(3095.110226966589, 766.5907682889384)","(3128.64857307923, 804.9203067033853)","(3176.5604960972887, 828.8762682124147)","(3234.054803718959, 833.6674605142206)","(3286.7579190388237, 819.293883608803)","(3334.6698420568823, 795.3379220997737)","(3368.2081881695235, 766.5907682889384)","(3396.9553419803583, 723.4700375726857)","(3420.911303489388, 675.558114554627)","(3444.8672649984173, 627.6461915365684)","(3464.0320342056407, 574.9430762167038)","(3133.439765381036, 416.8337302571103)","(3171.7693037954828, 402.46015335169267)","(3210.09884220993, 412.0425379553044)","(3243.6371883225706, 431.20730716252785)","(3272.384342133406, 450.37207636975137)","(3334.6698420568823, 474.32803787878066)","(3372.999380471329, 474.32803787878066)","(3406.53772658397, 479.11923018058656)","(3435.2848803948054, 493.4928070860041)","(3449.658457300223, 522.2399608968393)","(3291.5491113406297, 498.28399938781)","(3281.966726737018, 531.8223455004511)","(3272.384342133406, 565.3606916130921)","(3262.8019575297944, 598.8990377257331)","(3210.09884220993, 608.4814223293449)","(3224.4724191153473, 622.8549992347625)","(3243.6371883225706, 637.22857614018)","(3267.5931498316004, 637.22857614018)","(3286.7579190388237, 637.22857614018)","(3162.1869191918713, 464.74565327516893)","(3190.934073002706, 459.9544609733631)","(3214.890034511736, 469.5368455769748)","(3234.054803718959, 493.4928070860041)","(3205.307649908124, 488.7016147841983)","(3181.3516883990947, 479.11923018058656)","(3329.8786497550764, 527.0311531986451)","(3358.6258035659116, 517.4487685950335)","(3382.581765074941, 527.0311531986451)","(3401.7465342821642, 546.1959224058686)","(3377.790572773135, 546.1959224058686)","(3353.8346112641057, 541.4047301040628)","(3152.6045345882594, 680.3493068564329)","(3181.3516883990947, 656.3933453474035)","(3214.890034511736, 651.6021530455977)","(3229.2636114171532, 665.9757299510153)","(3253.2195729261825, 665.9757299510153)","(3272.384342133406, 689.9316914600446)","(3286.7579190388237, 723.4700375726857)","(3258.0107652279885, 737.8436144781033)","(3229.2636114171532, 742.6348067799091)","(3210.09884220993, 737.8436144781033)","(3190.934073002706, 728.2612298744915)","(3166.978111493677, 709.096460667268)","(3166.978111493677, 680.3493068564329)","(3205.307649908124, 680.3493068564329)","(3224.4724191153473, 685.1404991582388)","(3243.6371883225706, 689.9316914600446)","(3272.384342133406, 718.6788452708798)","(3238.845996020765, 709.096460667268)","(3219.6812268135413, 704.3052683654622)","(3200.516457606318, 699.5140760636564)"
275,11,0.3670333333333326,0:00:00.367033,0,"(3041.450215548909, 440.58390972904755)","(3031.975292759037, 497.4334464682795)","(3027.237831364101, 554.2829832075115)","(3022.500369969165, 606.3950585518074)","(3022.500369969165, 658.5071338961034)","(3036.712754153973, 710.6192092403993)","(3055.662599733717, 753.2563617948233)","(3093.562290893205, 791.1560529543112)","(3136.1994434476287, 814.8433599289912)","(3193.0489801868607, 824.3182827188632)","(3245.1610555311568, 810.1058985340552)","(3292.535669480517, 786.4185915593753)","(3325.6978992450686, 753.2563617948233)","(3354.122667614685, 715.3566706353353)","(3377.8099745893646, 667.9820566859753)","(3401.4972815640444, 620.6074427366154)","(3420.4471271437887, 568.4953673923194)","(3098.299752288141, 407.4216799644956)","(3136.1994434476287, 393.20929577968764)","(3174.099134607117, 402.6842185695596)","(3207.261364371669, 416.89660275436756)","(3235.686132741285, 440.58390972904755)","(3297.273130875453, 459.53375530879157)","(3330.4353606400045, 459.53375530879157)","(3363.5975904045567, 469.00867809866355)","(3392.0223587741725, 483.22106228347155)","(3406.234742958981, 511.6458306530875)","(3249.8985169260927, 487.9585236784075)","(3240.423594136221, 521.1207534429595)","(3235.686132741285, 549.5455218125754)","(3226.211209951413, 582.7077515771274)","(3174.099134607117, 596.9201357619354)","(3188.3115187919248, 611.1325199467434)","(3207.261364371669, 620.6074427366154)","(3230.948671346349, 625.3449041315514)","(3249.8985169260927, 620.6074427366154)","(3126.724520657757, 454.79629391385555)","(3155.149289027373, 450.0588325189196)","(3178.836596002053, 459.53375530879157)","(3197.7864415817967, 483.22106228347155)","(3169.361673212181, 478.48360088853553)","(3145.674366237501, 469.00867809866355)","(3292.535669480517, 516.3832920480235)","(3320.9604378501326, 506.9083692581515)","(3344.647744824813, 516.3832920480235)","(3363.5975904045567, 535.3331376277674)","(3339.910283429877, 535.3331376277674)","(3316.2229764551967, 525.8582148378955)","(3112.512136472949, 663.2445952910393)","(3140.936904842565, 639.5572883163594)","(3174.099134607117, 639.5572883163594)","(3193.0489801868607, 649.0322111062313)","(3216.736287161541, 649.0322111062313)","(3235.686132741285, 672.7195180809114)","(3249.8985169260927, 710.6192092403993)","(3221.473748556477, 729.5690548201433)","(3193.0489801868607, 729.5690548201433)","(3169.361673212181, 724.8315934252073)","(3145.674366237501, 715.3566706353353)","(3121.987059262821, 696.4068250555913)","(3121.987059262821, 663.2445952910393)","(3169.361673212181, 663.2445952910393)","(3183.574057396989, 667.9820566859753)","(3207.261364371669, 672.7195180809114)","(3235.686132741285, 705.8817478454633)","(3202.5239029767326, 701.1442864505273)","(3178.836596002053, 696.4068250555913)","(3159.886750422309, 686.9319022657194)"
275,12,0.4003999999999992,0:00:00.400400,0,"(3099.1537328112686, 448.94283045396884)","(3084.671706022431, 502.0435953463737)","(3079.844363759485, 559.9717025017245)","(3075.017021496539, 613.0724673941295)","(3075.017021496539, 666.1732322865344)","(3089.499048285377, 719.2739971789392)","(3113.635759600106, 767.5474198083983)","(3147.427155440728, 801.3388156490196)","(3195.7005780701866, 825.4755269637491)","(3253.6286852255375, 835.1302114896409)","(3306.729450117942, 820.6481847008032)","(3350.1755304844555, 796.5114733860737)","(3388.7942685880225, 757.8927352825065)","(3412.9309799027524, 719.2739971789392)","(3437.0676912174818, 671.0005745494802)","(3461.204402532211, 622.7271519200212)","(3480.5137715839946, 569.6263870276164)","(3152.2544977036737, 410.3240923504016)","(3190.8732358072407, 395.8420655615639)","(3229.4919739108077, 400.6694078245098)","(3263.2833697514293, 415.1514346133475)","(3297.0747655920504, 439.28814592807703)","(3345.3481882215096, 458.5975149798606)","(3388.7942685880225, 458.5975149798606)","(3422.585664428644, 468.2521995057524)","(3451.5497180063194, 482.73422629459014)","(3466.031744795157, 516.5256221352114)","(3306.729450117942, 487.561568557536)","(3297.0747655920504, 521.3529643981574)","(3292.2474233291045, 550.3170179758328)","(3282.592738803213, 584.108413816454)","(3229.4919739108077, 598.5904406052917)","(3243.974000699646, 613.0724673941295)","(3263.2833697514293, 627.5544941829671)","(3287.4200810661587, 627.5544941829671)","(3306.729450117942, 627.5544941829671)","(3181.218551281349, 453.7701727169147)","(3210.182604859024, 448.94283045396884)","(3234.319316173754, 458.5975149798606)","(3253.6286852255375, 482.73422629459014)","(3224.664631647862, 477.9068840316442)","(3200.5279203331324, 468.2521995057524)","(3350.1755304844555, 516.5256221352114)","(3379.139584062131, 506.87093760931964)","(3403.27629537686, 516.5256221352114)","(3422.585664428644, 540.6623334499409)","(3398.4489531139143, 540.6623334499409)","(3374.312241799185, 531.0076489240491)","(3166.7365244925113, 671.0005745494802)","(3195.7005780701866, 651.6912054976966)","(3229.4919739108077, 646.8638632347507)","(3248.8013429625917, 661.3458900235885)","(3268.110712014375, 661.3458900235885)","(3292.2474233291045, 685.482601338318)","(3306.729450117942, 719.2739971789392)","(3277.765396540267, 738.5833662307228)","(3248.8013429625917, 743.4107084936688)","(3224.664631647862, 738.5833662307228)","(3205.3552625960783, 728.9286817048311)","(3181.218551281349, 704.7919703901016)","(3176.391209018403, 671.0005745494802)","(3224.664631647862, 675.8279168124262)","(3239.1466584367, 680.6552590753721)","(3263.2833697514293, 685.482601338318)","(3292.2474233291045, 714.4466549159933)","(3258.4560274884834, 709.6193126530475)","(3234.319316173754, 704.7919703901016)","(3215.00994712197, 695.1372858642097)"
275,13,0.4337666666666658,0:00:00.433767,0,"(3089.499048285377, 448.94283045396884)","(3075.017021496539, 502.0435953463737)","(3070.1896792335933, 559.9717025017245)","(3065.3623369706474, 613.0724673941295)","(3070.1896792335933, 666.1732322865344)","(3079.844363759485, 719.2739971789392)","(3108.8084173371603, 762.7200775454523)","(3142.5998131777815, 796.5114733860737)","(3190.8732358072407, 820.6481847008032)","(3243.974000699646, 830.302869226695)","(3301.9021078549963, 815.8208424378573)","(3345.3481882215096, 791.6841311231278)","(3379.139584062131, 757.8927352825065)","(3403.27629537686, 719.2739971789392)","(3427.41300669159, 671.0005745494802)","(3451.5497180063194, 622.7271519200212)","(3470.859087058103, 569.6263870276164)","(3147.427155440728, 405.4967500874557)","(3186.045893544295, 395.8420655615639)","(3219.837289384916, 400.6694078245098)","(3258.4560274884834, 410.3240923504016)","(3287.4200810661587, 434.4608036651311)","(3340.5208459585638, 453.7701727169147)","(3379.139584062131, 453.7701727169147)","(3412.9309799027524, 463.4248572428065)","(3441.8950334804276, 477.9068840316442)","(3456.3770602692653, 506.87093760931964)","(3301.9021078549963, 482.73422629459014)","(3292.2474233291045, 516.5256221352114)","(3282.592738803213, 545.4896757128869)","(3277.765396540267, 579.2810715535081)","(3224.664631647862, 593.7630983423459)","(3239.1466584367, 608.2451251311835)","(3258.4560274884834, 622.7271519200212)","(3282.592738803213, 622.7271519200212)","(3301.9021078549963, 617.8998096570754)","(3176.391209018403, 453.7701727169147)","(3205.3552625960783, 444.1154881910229)","(3229.4919739108077, 453.7701727169147)","(3243.974000699646, 477.9068840316442)","(3219.837289384916, 473.07954176869833)","(3195.7005780701866, 463.4248572428065)","(3340.5208459585638, 511.6982798722655)","(3369.484899536239, 502.0435953463737)","(3398.4489531139143, 511.6982798722655)","(3412.9309799027524, 535.834991186995)","(3388.7942685880225, 535.834991186995)","(3364.657557273293, 526.1803066611033)","(3161.9091822295654, 666.1732322865344)","(3190.8732358072407, 642.0365209718049)","(3224.664631647862, 637.209178708859)","(3243.974000699646, 646.8638632347507)","(3263.2833697514293, 651.6912054976966)","(3287.4200810661587, 675.8279168124262)","(3297.0747655920504, 714.4466549159933)","(3272.938054277321, 733.756023967777)","(3243.974000699646, 738.5833662307228)","(3219.837289384916, 733.756023967777)","(3200.5279203331324, 724.1013394418852)","(3176.391209018403, 704.7919703901016)","(3171.563866755457, 666.1732322865344)","(3219.837289384916, 666.1732322865344)","(3239.1466584367, 671.0005745494802)","(3258.4560274884834, 675.8279168124262)","(3287.4200810661587, 709.6193126530475)","(3253.6286852255375, 704.7919703901016)","(3229.4919739108077, 699.9646281271557)","(3210.182604859024, 690.3099436012639)"
275,14,0.4671333333333324,0:00:00.467133,0,"(3049.5635298219204, 434.28839000593854)","(3040.01873004157, 491.55718868804036)","(3030.4739302612197, 544.053587479967)","(3025.7015303710446, 596.5499862718937)","(3030.4739302612197, 649.0463850638203)","(3040.01873004157, 701.542783855747)","(3068.653129382621, 744.4943828673232)","(3102.0599286138468, 777.9011820985493)","(3149.7839275155984, 801.763181549425)","(3202.2803263075252, 806.5355814396002)","(3259.5491249896268, 796.9907816592499)","(3307.2731238913784, 773.1287822083741)","(3340.679923122604, 739.7219829771481)","(3364.54192257348, 696.7703839655718)","(3388.403922024356, 649.0463850638203)","(3412.2659214752316, 606.0947860522439)","(3431.3555210359323, 553.5983872603173)","(3102.0599286138468, 396.1091908845374)","(3140.239127735248, 381.79199121401194)","(3178.4183268566494, 391.3367909943622)","(3211.825126087875, 400.8815907747125)","(3245.2319253191013, 424.74359022558826)","(3297.728324111028, 443.83318978628887)","(3335.907523232429, 443.83318978628887)","(3369.314322463655, 448.60558967646404)","(3397.948721804706, 462.9227893469895)","(3417.038321365407, 491.55718868804036)","(3254.7767250994516, 472.46758912733975)","(3250.0043252092764, 505.8743883585658)","(3240.459525428926, 534.5087876996167)","(3230.9147256485758, 567.9155869308428)","(3178.4183268566494, 582.2327866013682)","(3197.50792641735, 596.5499862718937)","(3211.825126087875, 610.867185942419)","(3235.687125538751, 610.867185942419)","(3254.7767250994516, 606.0947860522439)","(3130.6943279548977, 443.83318978628887)","(3159.3287272959487, 434.28839000593854)","(3187.9631266369997, 443.83318978628887)","(3202.2803263075252, 467.6951892371646)","(3178.4183268566494, 462.9227893469895)","(3149.7839275155984, 458.1503894568143)","(3297.728324111028, 501.10198846839063)","(3326.362723452079, 486.7847887978652)","(3354.9971227931296, 501.10198846839063)","(3369.314322463655, 520.1915880290912)","(3345.4523230127793, 524.9639879192664)","(3321.590323561904, 515.4191881389161)","(3121.1495281745474, 649.0463850638203)","(3154.5563274057736, 629.9567855031197)","(3183.1907267468246, 629.9567855031197)","(3197.50792641735, 639.5015852834699)","(3216.5975259780503, 639.5015852834699)","(3240.459525428926, 663.3635847343457)","(3259.5491249896268, 696.7703839655718)","(3226.1423257584006, 706.315183745922)","(3197.50792641735, 706.315183745922)","(3178.4183268566494, 701.542783855747)","(3164.101127186124, 691.9979840753966)","(3140.239127735248, 672.908384514696)","(3130.6943279548977, 649.0463850638203)","(3178.4183268566494, 658.5911848441706)","(3192.735526527175, 663.3635847343457)","(3211.825126087875, 668.1359846245209)","(3245.2319253191013, 691.9979840753966)","(3207.0527261977, 682.4531842950463)","(3187.9631266369997, 677.6807844048711)","(3173.6459269664742, 668.1359846245209)"
275,15,0.5004999999999991,0:00:00.500500,0,"(3079.844363759485, 439.28814592807703)","(3065.3623369706474, 492.3889108204819)","(3060.5349947077016, 545.4896757128869)","(3055.7076524447552, 598.5904406052917)","(3055.7076524447552, 651.6912054976966)","(3065.3623369706474, 704.7919703901016)","(3094.3263905483227, 743.4107084936688)","(3128.117786388944, 777.2021043342901)","(3176.391209018403, 796.5114733860737)","(3234.319316173754, 806.1661579119655)","(3292.2474233291045, 796.5114733860737)","(3340.5208459585638, 777.2021043342901)","(3369.484899536239, 743.4107084936688)","(3398.4489531139143, 699.9646281271557)","(3417.7583221656982, 656.5185477606426)","(3441.8950334804276, 608.2451251311835)","(3461.204402532211, 559.9717025017245)","(3132.9451286518897, 395.8420655615639)","(3166.7365244925113, 381.36003877272617)","(3205.3552625960783, 386.1873810356721)","(3239.1466584367, 400.6694078245098)","(3272.938054277321, 419.9787768762934)","(3326.038819169726, 444.1154881910229)","(3364.657557273293, 444.1154881910229)","(3398.4489531139143, 448.94283045396884)","(3427.41300669159, 463.4248572428065)","(3446.7223757433735, 492.3889108204819)","(3282.592738803213, 468.2521995057524)","(3277.765396540267, 502.0435953463737)","(3268.110712014375, 531.0076489240491)","(3258.4560274884834, 564.7990447646704)","(3205.3552625960783, 584.108413816454)","(3219.837289384916, 598.5904406052917)","(3239.1466584367, 608.2451251311835)","(3263.2833697514293, 608.2451251311835)","(3282.592738803213, 608.2451251311835)","(3157.0818399666196, 439.28814592807703)","(3186.045893544295, 434.4608036651311)","(3215.00994712197, 439.28814592807703)","(3229.4919739108077, 468.2521995057524)","(3205.3552625960783, 463.4248572428065)","(3176.391209018403, 458.5975149798606)","(3326.038819169726, 502.0435953463737)","(3355.0028727474014, 487.561568557536)","(3383.9669263250767, 497.21625308342783)","(3398.4489531139143, 521.3529643981574)","(3379.139584062131, 521.3529643981574)","(3350.1755304844555, 516.5256221352114)","(3147.427155440728, 651.6912054976966)","(3181.218551281349, 632.3818364459131)","(3210.182604859024, 632.3818364459131)","(3224.664631647862, 642.0365209718049)","(3248.8013429625917, 642.0365209718049)","(3268.110712014375, 666.1732322865344)","(3287.4200810661587, 695.1372858642097)","(3258.4560274884834, 699.9646281271557)","(3229.4919739108077, 695.1372858642097)","(3210.182604859024, 690.3099436012639)","(3190.8732358072407, 680.6552590753721)","(3166.7365244925113, 671.0005745494802)","(3161.9091822295654, 651.6912054976966)","(3205.3552625960783, 656.5185477606426)","(3219.837289384916, 666.1732322865344)","(3239.1466584367, 671.0005745494802)","(3272.938054277321, 690.3099436012639)","(3239.1466584367, 671.0005745494802)","(3219.837289384916, 666.1732322865344)","(3200.5279203331324, 661.3458900235885)"
275,16,0.5338666666666656,0:00:00.533867,0,"(3076.359389131216, 440.86410143455225)","(3066.6700682205665, 494.1553664431245)","(3061.825407765242, 547.4466314516967)","(3056.980747309917, 595.8932360049442)","(3056.980747309917, 649.1845010135165)","(3071.5147286758915, 702.4757660220887)","(3095.738030952515, 741.2330496646867)","(3134.495314595113, 770.3010123966352)","(3182.9419191483607, 794.524314673259)","(3236.233184156933, 804.2136355839085)","(3294.36910962083, 794.524314673259)","(3342.8157141740776, 775.14567285196)","(3371.883676906026, 741.2330496646867)","(3396.10697918265, 697.631105566764)","(3420.3302814592735, 649.1845010135165)","(3439.7089232805724, 605.5825569155937)","(3459.0875651018714, 557.1359523623462)","(3129.6506541397885, 392.4174968813047)","(3163.5632773270618, 377.8835155153305)","(3202.3205609696597, 382.72817597065523)","(3241.0778446122576, 397.2621573366295)","(3270.1458073442063, 411.79613870260374)","(3328.2817328081032, 436.0194409792275)","(3362.1943559953766, 436.0194409792275)","(3396.10697918265, 440.86410143455225)","(3425.174941914598, 460.2427432558512)","(3444.553583735897, 489.31070598779974)","(3284.67978871018, 465.08740371117597)","(3279.8351282548556, 494.1553664431245)","(3270.1458073442063, 528.0679896303977)","(3260.4564864335566, 557.1359523623462)","(3207.1652214249843, 576.5145941836453)","(3226.5438632462833, 591.0485755496195)","(3245.9225050675823, 605.5825569155937)","(3270.1458073442063, 605.5825569155937)","(3289.5244491655053, 600.737896460269)","(3158.718616871737, 440.86410143455225)","(3187.7865796036854, 431.17478052390277)","(3212.009881880309, 436.0194409792275)","(3231.3885237016084, 465.08740371117597)","(3207.1652214249843, 460.2427432558512)","(3178.097258693036, 455.3980828005265)","(3328.2817328081032, 494.1553664431245)","(3357.3496955400515, 484.466045532475)","(3381.5729978166755, 494.1553664431245)","(3400.9516396379745, 513.5340082644235)","(3376.728337361351, 518.3786687197482)","(3352.505035084727, 508.68934780909876)","(3153.873956416412, 649.1845010135165)","(3182.9419191483607, 629.8058591922174)","(3216.854542335634, 629.8058591922174)","(3231.3885237016084, 639.495180102867)","(3250.7671655229074, 639.495180102867)","(3274.990467799531, 658.873821924166)","(3289.5244491655053, 692.7864451114392)","(3260.4564864335566, 697.631105566764)","(3231.3885237016084, 692.7864451114392)","(3212.009881880309, 687.9417846561145)","(3197.475900514335, 678.252463745465)","(3173.252598237711, 668.5631428348155)","(3163.5632773270618, 649.1845010135165)","(3212.009881880309, 654.0291614688413)","(3226.5438632462833, 663.7184823794908)","(3245.9225050675823, 663.7184823794908)","(3279.8351282548556, 683.0971242007897)","(3241.0778446122576, 668.5631428348155)","(3221.6992027909587, 663.7184823794908)","(3207.1652214249843, 654.0291614688413)"
275,17,0.5672333333333321,0:00:00.567233,0,"(3042.068014295958, 429.0713997976867)","(3037.2469873319396, 482.1026964018951)","(3032.4259603679207, 535.1339930061037)","(3027.6049334039017, 592.986316574331)","(3032.4259603679207, 646.0176131785395)","(3042.068014295958, 699.048909782748)","(3070.994176080072, 737.6171254948996)","(3109.5623917922235, 771.3643142430323)","(3162.5936883964323, 790.6484220991081)","(3220.4460119646596, 800.2904760271459)","(3273.477308568868, 790.6484220991081)","(3316.8665512450384, 761.7222603149943)","(3350.6137399931713, 727.9750715668616)","(3369.8978478492472, 679.7648019266721)","(3394.0029826693417, 631.5545322864826)","(3413.2870905254176, 588.1652896103121)","(3427.7501714174746, 535.1339930061037)","(3099.920337864186, 385.6821571215161)","(3133.6675266123184, 371.21907622945923)","(3172.2357423244703, 371.21907622945923)","(3205.9829310726027, 385.6821571215161)","(3239.7301198207356, 400.14523801357296)","(3292.761416424944, 419.4293458696488)","(3331.3296321370954, 419.4293458696488)","(3365.0768208852282, 429.0713997976867)","(3394.0029826693417, 443.53448068974353)","(3408.4660635613986, 472.46064247385726)","(3254.193200712792, 453.17653461778144)","(3249.372173748773, 482.1026964018951)","(3239.7301198207356, 511.02885818600885)","(3234.9090928567166, 544.7760469341415)","(3181.877796252508, 564.0601547902173)","(3201.1619041085837, 578.5232356822742)","(3220.4460119646596, 588.1652896103121)","(3239.7301198207356, 588.1652896103121)","(3259.014227676811, 588.1652896103121)","(3128.8464996482994, 433.8924267617056)","(3157.7726614324133, 429.0713997976867)","(3181.877796252508, 433.8924267617056)","(3196.3408771445647, 453.17653461778144)","(3172.2357423244703, 453.17653461778144)","(3148.1306075043753, 448.35550765376246)","(3297.582443388963, 486.9237233659141)","(3326.5086051730764, 477.2816694378762)","(3350.6137399931713, 486.9237233659141)","(3365.0768208852282, 506.2078312219899)","(3340.9716860651333, 506.2078312219899)","(3316.8665512450384, 496.565777293952)","(3128.8464996482994, 641.1965862145205)","(3157.7726614324133, 617.0914513944258)","(3191.5198501805457, 612.2704244304068)","(3205.9829310726027, 621.9124783584448)","(3230.0880658926976, 621.9124783584448)","(3254.193200712792, 646.0176131785395)","(3268.656281604849, 679.7648019266721)","(3239.7301198207356, 689.4068558547101)","(3210.8039580366217, 689.4068558547101)","(3186.6988232165268, 689.4068558547101)","(3167.4147153604513, 679.7648019266721)","(3143.3095805403564, 665.3017210346153)","(3138.4885535763374, 641.1965862145205)","(3186.6988232165268, 636.3755592505016)","(3201.1619041085837, 646.0176131785395)","(3220.4460119646596, 650.8386401425585)","(3254.193200712792, 674.9437749626532)","(3215.6249850006407, 665.3017210346153)","(3196.3408771445647, 665.3017210346153)","(3177.056769288489, 655.6596671065774)"
275,18,0.6005999999999987,0:00:00.600600,0,"(3096.5127799746765, 433.2164143684762)","(3086.666952375393, 487.36846616453573)","(3081.7440385757513, 541.5205179605953)","(3081.7440385757513, 595.6725697566548)","(3081.7440385757513, 654.7475353523561)","(3096.5127799746765, 708.8995871484157)","(3126.0502627725273, 753.2058113451916)","(3165.4335731696615, 787.666207942684)","(3219.585624965721, 807.3578631412511)","(3273.73767676178, 812.2807769408929)","(3332.8126423574818, 797.5120355419675)","(3377.1188665542577, 767.9745527441169)","(3411.57926315175, 728.5912423469827)","(3436.193832149959, 679.362104350565)","(3455.885487348526, 630.1329663541472)","(3475.577142547093, 580.9038283577295)","(3485.422970146377, 526.7517765616699)","(3150.664831770736, 388.9101901717002)","(3185.1252283682284, 369.2185349731331)","(3219.585624965721, 374.1414487727749)","(3258.968935362855, 383.98727637205843)","(3298.3522457599893, 398.75601777098376)","(3342.658469956765, 418.44767296955087)","(3377.1188665542577, 418.44767296955087)","(3416.502176951392, 423.37058676919264)","(3446.0396597492427, 443.06224196775975)","(3460.808401148168, 467.6768109659686)","(3308.1980733592727, 452.9080695670433)","(3303.275159559631, 482.44555236489396)","(3293.4293319603476, 511.9830351627446)","(3288.506418160706, 541.5205179605953)","(3234.354366364646, 566.1350869588041)","(3254.0460215632133, 580.9038283577295)","(3273.73767676178, 590.749655957013)","(3298.3522457599893, 590.749655957013)","(3318.0439009585566, 585.8267421573712)","(3185.1252283682284, 443.06224196775975)","(3209.7397973664374, 443.06224196775975)","(3229.4314525650043, 447.9851557674015)","(3249.1231077635716, 457.8309833666851)","(3224.5085387653626, 457.8309833666851)","(3204.8168835667957, 452.9080695670433)","(3347.581383756407, 487.36846616453573)","(3377.1188665542577, 492.2913799641775)","(3401.7334355524667, 502.13720756346106)","(3416.502176951392, 511.9830351627446)","(3391.887607953183, 511.9830351627446)","(3367.2730389549743, 502.13720756346106)","(3175.279400768945, 649.8246215527143)","(3204.8168835667957, 620.2871387548637)","(3239.277280164288, 610.4413111555801)","(3263.891849162497, 620.2871387548637)","(3283.583504361064, 620.2871387548637)","(3313.1209871589144, 639.9787939534308)","(3327.88972855784, 684.2850181502067)","(3298.3522457599893, 703.9766733487738)","(3268.8147629621385, 713.8225009480574)","(3244.20019396393, 708.8995871484157)","(3219.585624965721, 699.0537595491321)","(3194.971055967512, 684.2850181502067)","(3185.1252283682284, 649.8246215527143)","(3234.354366364646, 635.055880153789)","(3258.968935362855, 639.9787939534308)","(3278.6605905614224, 644.9017077530725)","(3313.1209871589144, 679.362104350565)","(3278.6605905614224, 684.2850181502067)","(3254.0460215632133, 684.2850181502067)","(3229.4314525650043, 674.4391905509232)"
275,19,0.6339666666666652,0:00:00.633967,0,"(3008.102348418699, 429.04023879689777)","(3003.2816715782847, 482.06768404145816)","(3003.2816715782847, 535.0951292860186)","(3003.2816715782847, 592.9432513709936)","(3008.102348418699, 645.970696615554)","(3022.564378939943, 698.9981418601144)","(3051.4884399824305, 737.563556583431)","(3094.8745315461615, 766.4876176259186)","(3143.0812999503073, 785.7703249875768)","(3200.929422035282, 790.5910018279915)","(3253.9568672798428, 776.1289713067476)","(3297.342958843574, 747.2049102642602)","(3326.2670198860615, 708.6394955409436)","(3345.5497272477196, 660.4327271367977)","(3364.832434609378, 617.0466355730665)","(3384.1151419710363, 568.8398671689207)","(3398.57717249228, 515.8124219243603)","(3065.9504705036743, 380.83347039275196)","(3099.6952083865763, 361.55076303109365)","(3138.260623109893, 361.55076303109365)","(3176.8260378332093, 366.37143987150824)","(3210.5707757161117, 385.65414723316655)","(3258.7775441202575, 400.1161777544103)","(3292.5222820031595, 400.1161777544103)","(3331.087696726476, 404.93685459482487)","(3360.0117577689634, 424.21956195648323)","(3374.4737882902073, 453.14362299897067)","(3225.032806237355, 438.68159247772695)","(3220.212129396941, 467.60565352021445)","(3210.5707757161117, 496.52971456270194)","(3205.750098875697, 525.4537756051894)","(3157.543330471551, 549.5571598072623)","(3176.8260378332093, 559.1985134880915)","(3196.108745194868, 568.8398671689207)","(3215.391452556526, 568.8398671689207)","(3234.6741599181846, 568.8398671689207)","(3104.5158852269906, 433.86091563731236)","(3128.6192694290635, 429.04023879689777)","(3147.901976790722, 433.86091563731236)","(3167.18468415238, 448.32294615855614)","(3143.0812999503073, 448.32294615855614)","(3123.798592588649, 443.50226931814154)","(3263.598220960672, 472.42633036062904)","(3292.5222820031595, 472.42633036062904)","(3316.6256662052324, 482.06768404145816)","(3331.087696726476, 491.70903772228735)","(3311.8049893648176, 491.70903772228735)","(3287.7016051627447, 486.88836088187276)","(3099.6952083865763, 631.5086660943102)","(3128.6192694290635, 597.7639282114081)","(3162.364007311966, 592.9432513709936)","(3181.646714673624, 597.7639282114081)","(3205.750098875697, 597.7639282114081)","(3229.85348307777, 621.867312413481)","(3249.136190439428, 660.4327271367977)","(3220.212129396941, 684.5361113388707)","(3191.288068354453, 689.3567881792852)","(3167.18468415238, 689.3567881792852)","(3143.0812999503073, 679.715434498456)","(3118.9779157482344, 665.2534039772123)","(3109.3365620674053, 631.5086660943102)","(3157.543330471551, 612.2259587326519)","(3176.8260378332093, 617.0466355730665)","(3200.929422035282, 621.867312413481)","(3234.6741599181846, 660.4327271367977)","(3196.108745194868, 660.4327271367977)","(3172.005360992795, 660.4327271367977)","(3152.7226536311364, 655.6120502963831)"
275,20,0.6673333333333318,0:00:00.667333,0,"(3016.995909590289, 437.9510191340742)","(3012.129787155466, 486.6122434823047)","(3012.129787155466, 540.1395902653582)","(3016.995909590289, 593.6669370484117)","(3021.862032025112, 647.1942838314652)","(3036.4603993295814, 695.8555081796957)","(3070.5232563733425, 734.7844876582801)","(3109.452235851927, 763.9812222672184)","(3167.8457050698034, 783.4457120065106)","(3226.2391742876803, 783.4457120065106)","(3279.7665210707337, 768.8473447020414)","(3323.561622984141, 739.6506100931032)","(3347.8922351582564, 695.8555081796957)","(3367.3567248975482, 652.0604062662883)","(3386.8212146368405, 603.3991819180578)","(3401.41958194131, 554.7379575698274)","(3411.1518268109558, 506.0767332215969)","(3075.3893788081655, 384.4236723510207)","(3104.586113417104, 364.9591826117285)","(3143.515092895688, 360.09306017690545)","(3182.4440723742728, 364.9591826117285)","(3221.373051852857, 379.5575499161977)","(3265.1681537662644, 394.1559172206668)","(3299.231010810026, 394.1559172206668)","(3338.15999028861, 399.02203965548983)","(3367.3567248975482, 413.620406959959)","(3386.8212146368405, 447.6832640037203)","(3231.105296722503, 433.0848966992512)","(3226.2391742876803, 462.28163130818945)","(3226.2391742876803, 491.47836591712775)","(3221.373051852857, 520.675100526066)","(3167.8457050698034, 549.8718351350043)","(3187.3101948090957, 559.6040800046504)","(3206.774684548388, 569.3363248742965)","(3231.105296722503, 569.3363248742965)","(3250.5697864617955, 564.4702024394735)","(3109.452235851927, 433.0848966992512)","(3133.7828480260423, 433.0848966992512)","(3158.1134602001575, 433.0848966992512)","(3177.57794993945, 442.8171415688973)","(3153.2473377653346, 442.8171415688973)","(3128.9167255912193, 437.9510191340742)","(3274.9003986359107, 467.1477537430125)","(3304.097133244849, 467.1477537430125)","(3328.427745418964, 472.0138761778355)","(3343.026112723433, 481.74612104748167)","(3318.695500549318, 481.74612104748167)","(3299.231010810026, 476.8799986126586)","(3114.31835828675, 627.729794092173)","(3143.515092895688, 598.5330594832348)","(3177.57794993945, 588.8008146135887)","(3201.908562113565, 598.5330594832348)","(3221.373051852857, 598.5330594832348)","(3250.5697864617955, 617.9975492225269)","(3270.0342762010873, 656.9265287011114)","(3240.837541592149, 676.3910184404035)","(3211.640806983211, 681.2571408752266)","(3187.3101948090957, 681.2571408752266)","(3162.9795826349805, 676.3910184404035)","(3133.7828480260423, 661.7926511359344)","(3124.050603156396, 627.729794092173)","(3172.7118275046264, 613.131426787704)","(3197.0424396787416, 617.9975492225269)","(3221.373051852857, 622.86367165735)","(3255.4359088966185, 652.0604062662883)","(3216.506929418034, 652.0604062662883)","(3192.1763172439187, 652.0604062662883)","(3167.8457050698034, 647.1942838314652)"
275,21,0.7006999999999983,0:00:00.700700,0,"(2973.2098317395476, 429.57090101431777)","(2973.2098317395476, 482.66393372395254)","(2973.2098317395476, 535.7569664335873)","(2973.2098317395476, 588.8499991432221)","(2982.863110414027, 641.9430318528568)","(3002.169667762985, 690.2094252252522)","(3035.9561431236616, 728.8225399231684)","(3084.222536496057, 752.955736609366)","(3137.3155692056916, 767.4356546210846)","(3195.235241252566, 767.4356546210846)","(3243.5016346249613, 748.1290972721265)","(3286.941388660117, 719.1692612486893)","(3311.0745853463145, 675.7295072135336)","(3330.3811426952725, 632.2897531783779)","(3344.8610607069913, 584.0233598059826)","(3359.3409787187097, 535.7569664335873)","(3368.994257393189, 487.4905730611921)","(3031.129503786422, 376.477868304683)","(3060.089339809859, 357.1713109557249)","(3098.702454507775, 352.3446716184854)","(3137.3155692056916, 357.1713109557249)","(3175.9286839036076, 371.65122896744344)","(3214.541798601524, 381.3045076419225)","(3253.15491329944, 376.477868304683)","(3286.941388660117, 386.13114697916205)","(3320.7278640207937, 400.6110649908806)","(3340.0344213697517, 424.74426167707827)","(3185.581962578087, 419.9176223398387)","(3185.581962578087, 448.8774583632759)","(3180.7553232408472, 482.66393372395254)","(3175.9286839036076, 511.6237697473897)","(3127.6622905312124, 540.5836057708268)","(3146.968847880171, 550.2368844453059)","(3166.275405229129, 559.8901631197849)","(3190.4086019153265, 555.0635237825454)","(3209.7151592642845, 550.2368844453059)","(3064.915979147099, 419.9176223398387)","(3089.0491758332964, 419.9176223398387)","(3113.182372519494, 419.9176223398387)","(3132.488929868452, 429.57090101431777)","(3108.3557331822544, 434.3975403515573)","(3084.222536496057, 429.57090101431777)","(3229.0217166132425, 448.8774583632759)","(3257.9815526366797, 448.8774583632759)","(3277.2881099856377, 453.7040977005154)","(3296.594667334596, 463.35737637499443)","(3272.4614706483985, 463.35737637499443)","(3253.15491329944, 458.53073703775493)","(3079.395897158817, 622.6364745038987)","(3108.3557331822544, 588.8499991432221)","(3142.1422085429313, 574.3700811315035)","(3161.4487658918893, 584.0233598059826)","(3185.581962578087, 579.196720468743)","(3209.7151592642845, 598.5032778177011)","(3224.195077276003, 641.9430318528568)","(3200.0618805898052, 661.249589201815)","(3175.9286839036076, 666.0762285390546)","(3151.79548721741, 666.0762285390546)","(3127.6622905312124, 661.249589201815)","(3098.702454507775, 646.7696711900965)","(3093.875815170536, 617.8098351666592)","(3137.3155692056916, 603.3299171549407)","(3156.6221265546496, 603.3299171549407)","(3180.7553232408472, 608.1565564921802)","(3214.541798601524, 637.1163925156173)","(3175.9286839036076, 637.1163925156173)","(3156.6221265546496, 637.1163925156173)","(3132.488929868452, 632.2897531783779)"
275,22,0.7340666666666649,0:00:00.734067,0,"(2928.221285521463, 430.6207772825681)","(2928.221285521463, 483.25220561710415)","(2933.0059608246024, 531.0989586485006)","(2937.7906361277423, 583.7303869830367)","(2947.3599867340213, 636.3618153175728)","(2966.49868794658, 684.2085683489693)","(2999.9914150685577, 717.7012954709468)","(3047.838168099954, 741.624671986645)","(3100.46959643449, 755.978697896064)","(3157.885700072166, 751.1940225929243)","(3205.7324531035624, 736.8399966835053)","(3244.0098555286795, 708.1319448646675)","(3272.717907347517, 665.0698671364107)","(3287.071933256936, 622.0077894081538)","(3301.4259591663554, 574.1610363767575)","(3315.779985075774, 526.314283345361)","(3325.3493356820536, 478.4675303139645)","(2985.637389159139, 373.20467364489235)","(3014.3454409779765, 349.2812971291941)","(3052.6228434030936, 349.2812971291941)","(3090.9002458282107, 349.2812971291941)","(3129.177648253328, 363.635323038613)","(3162.6703753753054, 373.20467364489235)","(3205.7324531035624, 368.41999834175266)","(3244.0098555286795, 373.20467364489235)","(3277.502582650657, 387.55869955431126)","(3296.6412838632154, 416.26675137314913)","(3138.746998859607, 411.4820760700095)","(3138.746998859607, 440.19012788884737)","(3133.9623235564677, 468.89817970768524)","(3129.177648253328, 502.39090682966275)","(3086.1155705250712, 531.0989586485006)","(3105.2542717376296, 540.66830925478)","(3124.3929729501883, 550.2376598610592)","(3148.3163494658866, 545.4529845579195)","(3162.6703753753054, 540.66830925478)","(3019.130116281116, 411.4820760700095)","(3043.053492796814, 406.69740076686986)","(3066.9768693125125, 411.4820760700095)","(3086.1155705250712, 421.05142667628877)","(3062.192194009373, 421.05142667628877)","(3043.053492796814, 421.05142667628877)","(3186.5937518910036, 435.40545258570774)","(3215.301803709842, 430.6207772825681)","(3234.4405049224, 435.40545258570774)","(3253.579206134959, 449.75947849512664)","(3229.6558296192607, 444.974803191987)","(3210.517128406702, 444.974803191987)","(3043.053492796814, 607.653763498735)","(3071.7615446156524, 574.1610363767575)","(3100.46959643449, 564.5916857704782)","(3119.608297647049, 569.3763610736178)","(3143.531674162747, 569.3763610736178)","(3172.239725981585, 588.5150622861763)","(3191.3784271941436, 622.0077894081538)","(3162.6703753753054, 641.1464906207125)","(3133.9623235564677, 645.9311659238521)","(3110.0389470407695, 650.7158412269918)","(3090.9002458282107, 645.9311659238521)","(3062.192194009373, 631.5771400144332)","(3057.4075187062335, 602.8690881955953)","(3095.6849211313506, 588.5150622861763)","(3119.608297647049, 593.299737589316)","(3138.746998859607, 593.299737589316)","(3177.0244012847243, 617.2231141050142)","(3138.746998859607, 622.0077894081538)","(3114.823622343909, 622.0077894081538)","(3095.6849211313506, 617.2231141050142)"
275,23,0.7674333333333314,0:00:00.767433,0,"(2955.1057897899095, 442.29379419552924)","(2955.1057897899095, 490.8975078433896)","(2959.966161154696, 539.5012214912499)","(2964.8265325194816, 592.9653065038964)","(2979.40764661384, 641.5690201517567)","(2998.849132072984, 690.172733799617)","(3032.871731626486, 724.1953333531193)","(3081.4754452743464, 743.6368188122634)","(3134.939530286993, 758.2179329066215)","(3193.2639866644254, 753.3575615418355)","(3246.7280716770715, 738.7764474474774)","(3285.61104259536, 709.6142192587612)","(3305.0525280545044, 665.8708769756869)","(3324.4940135136485, 617.2671633278266)","(3334.2147562432206, 568.6634496799661)","(3348.7958703375784, 524.9201073968918)","(3353.6562417023647, 476.3163937490315)","(3008.569874802556, 374.2485950885247)","(3037.7321029912723, 354.8071096293806)","(3076.6150739095606, 349.94673826459456)","(3115.498044827849, 349.94673826459456)","(3154.381015746137, 364.52785235895266)","(3198.124358029211, 374.2485950885247)","(3237.0073289474994, 364.52785235895266)","(3271.029928501002, 369.3882237237387)","(3305.0525280545044, 383.9693378180968)","(3324.4940135136485, 413.13156600681305)","(3168.962129840495, 413.13156600681305)","(3168.962129840495, 442.29379419552924)","(3164.101758475709, 471.45602238424544)","(3164.101758475709, 505.4786219377477)","(3115.498044827849, 534.6408501264639)","(3134.939530286993, 544.3615928560359)","(3159.241387110923, 554.082335585608)","(3178.682872570067, 549.221964220822)","(3198.124358029211, 544.3615928560359)","(3042.592474356058, 413.13156600681305)","(3066.8943311799885, 403.4108232772409)","(3091.1961880039185, 408.27119464202696)","(3115.498044827849, 422.8523087363851)","(3086.3358166391326, 422.8523087363851)","(3066.8943311799885, 417.9919373715991)","(3217.5658434883553, 437.4334228307432)","(3241.8677003122857, 427.71268010117114)","(3266.1695571362156, 432.5730514659572)","(3290.471413960146, 447.1541655603153)","(3266.1695571362156, 442.29379419552924)","(3241.8677003122857, 442.29379419552924)","(3076.6150739095606, 612.4067919630405)","(3100.9169307334905, 578.3841924095382)","(3130.0791589222067, 568.6634496799661)","(3154.381015746137, 573.5238210447521)","(3173.8225012052812, 573.5238210447521)","(3202.9847293939974, 588.1049351391104)","(3222.4262148531416, 622.1275346926126)","(3198.124358029211, 636.7086487869707)","(3168.962129840495, 641.5690201517567)","(3144.660273016565, 646.4293915165428)","(3125.218787557421, 641.5690201517567)","(3096.0565593687047, 631.8482774221847)","(3086.3358166391326, 612.4067919630405)","(3130.0791589222067, 597.8256778686824)","(3149.520644381351, 597.8256778686824)","(3173.8225012052812, 602.6860492334685)","(3207.8451007587832, 622.1275346926126)","(3168.962129840495, 612.4067919630405)","(3149.520644381351, 612.4067919630405)","(3130.0791589222067, 612.4067919630405)"
275,24,0.800799999999998,0:00:00.800800,0,"(2932.418921419864, 432.09484107014555)","(2932.418921419864, 485.4998214271298)","(2942.1289178484067, 538.904801784114)","(2946.983916062678, 587.4547839268271)","(2956.6939124912205, 640.8597642838114)","(2976.1139053483057, 684.554748212253)","(3014.953891062476, 718.5397357121522)","(3063.503873205189, 742.8147267835086)","(3116.9088535621736, 752.5247232120512)","(3175.168832133429, 747.6697249977799)","(3228.5738124904133, 733.104730354966)","(3262.5587999903123, 703.9747410693383)","(3286.8337910616688, 660.2797571408965)","(3301.3987857044826, 616.5847732124548)","(3315.9637803472965, 568.0347910697419)","(3325.673776775839, 519.4848089270289)","(3330.5287749901104, 470.93482678431593)","(2985.8239017768483, 373.83486249888995)","(3014.953891062476, 349.55987142753344)","(3053.7938767766464, 344.70487321326215)","(3092.6338624908167, 349.55987142753344)","(3126.618849990716, 359.2698678560761)","(3170.313833919158, 368.97986428461866)","(3209.153819633328, 359.2698678560761)","(3247.9938053474984, 364.12486607034737)","(3281.9787928473975, 378.68986071316124)","(3301.3987857044826, 402.96485178451775)","(3146.0388428478013, 402.96485178451775)","(3146.0388428478013, 436.94983928441684)","(3141.18384463353, 466.07982857004464)","(3141.18384463353, 500.06481606994373)","(3092.6338624908167, 529.1948053555715)","(3116.9088535621736, 538.904801784114)","(3136.3288464192588, 548.6147982126566)","(3160.603837490615, 543.7597999983853)","(3175.168832133429, 538.904801784114)","(3019.8088892767473, 412.67484821306033)","(3044.083880348104, 402.96485178451775)","(3068.3588714194602, 402.96485178451775)","(3092.6338624908167, 417.5298464273316)","(3068.3588714194602, 417.5298464273316)","(3044.083880348104, 417.5298464273316)","(3194.5888249905142, 432.09484107014555)","(3218.8638160618707, 417.5298464273316)","(3243.138807133227, 422.3848446416029)","(3267.4137982045836, 436.94983928441684)","(3243.138807133227, 436.94983928441684)","(3218.8638160618707, 432.09484107014555)","(3058.6488749909176, 606.8747767839122)","(3082.923866062274, 577.7447874982845)","(3116.9088535621736, 563.1797928554706)","(3136.3288464192588, 568.0347910697419)","(3155.748839276344, 568.0347910697419)","(3184.8788285619717, 582.5997857125558)","(3209.153819633328, 616.5847732124548)","(3180.0238303477004, 631.1497678552688)","(3150.8938410620726, 636.0047660695401)","(3131.4738482049875, 640.8597642838114)","(3107.198857133631, 636.0047660695401)","(3078.068867848003, 626.2947696409974)","(3073.2138696337315, 606.8747767839122)","(3112.0538553479023, 592.3097821410984)","(3131.4738482049875, 597.1647803553697)","(3155.748839276344, 597.1647803553697)","(3194.5888249905142, 611.7297749981835)","(3155.748839276344, 611.7297749981835)","(3131.4738482049875, 611.7297749981835)","(3112.0538553479023, 606.8747767839122)"
275,25,0.8341666666666645,0:00:00.834167,0,"(2888.21420914128, 433.23213137119205)","(2893.027899489849, 486.18272520544883)","(2897.841589838418, 534.3196286911368)","(2907.4689705355554, 582.4565321768249)","(2917.096351232693, 630.5934356625129)","(2936.351112626968, 678.7303391482009)","(2974.8606354155186, 712.4261715881825)","(3022.9975389012066, 731.6809329824576)","(3075.9481327354633, 741.3083136795952)","(3133.712416918289, 736.4946233310264)","(3181.849320403977, 722.05355228532)","(3220.3588431925273, 693.1714101939073)","(3244.4272949353717, 649.8481970567881)","(3258.868365981078, 601.7112935711001)","(3268.4957466782157, 553.574390085412)","(3278.1231273753533, 505.437486599724)","(3287.750508072491, 452.48689276546725)","(2936.351112626968, 375.4678471883664)","(2965.233254718381, 351.39939544552243)","(3003.7427775069314, 341.77201474838483)","(3042.2523002954817, 346.58570509695363)","(3080.761823084032, 356.2130857940912)","(3124.0850362211513, 361.02677614266)","(3162.5945590097017, 351.39939544552243)","(3201.104081798252, 356.2130857940912)","(3234.7999142382337, 370.6541568397976)","(3254.0546756325093, 394.7226085826416)","(3100.0165844783073, 399.5362989312104)","(3100.0165844783073, 428.41844102262326)","(3095.2028941297385, 462.11427346260484)","(3095.2028941297385, 495.81010590258643)","(3051.8796809926193, 524.6922479939992)","(3071.1344423868945, 534.3196286911368)","(3095.2028941297385, 539.1333190397056)","(3114.4576555240137, 539.1333190397056)","(3133.712416918289, 529.505938342568)","(2974.8606354155186, 409.16367962834806)","(2998.9290871583626, 399.5362989312104)","(3022.9975389012066, 399.5362989312104)","(3047.0659906440505, 413.97736997691686)","(3018.1838485526378, 413.97736997691686)","(2998.9290871583626, 409.16367962834806)","(3148.1534879639953, 418.79106032548566)","(3177.035630055408, 409.16367962834806)","(3196.2903914496833, 413.97736997691686)","(3220.3588431925273, 423.60475067405446)","(3196.2903914496833, 423.60475067405446)","(3172.2219397068393, 423.60475067405446)","(3013.370158204069, 601.7112935711001)","(3042.2523002954817, 568.0154611311184)","(3071.1344423868945, 558.3880804339808)","(3090.3892037811697, 563.2017707825496)","(3109.643965175445, 558.3880804339808)","(3138.5261072668577, 572.8291514796872)","(3162.5945590097017, 606.5249839196689)","(3138.5261072668577, 620.9660549653753)","(3109.643965175445, 625.7797453139441)","(3085.575513432601, 630.5934356625129)","(3066.3207520383257, 625.7797453139441)","(3037.438609946913, 616.1523646168065)","(3027.8112292497754, 596.8976032225313)","(3071.1344423868945, 587.2702225253937)","(3090.3892037811697, 587.2702225253937)","(3109.643965175445, 587.2702225253937)","(3148.1534879639953, 601.7112935711001)","(3109.643965175445, 596.8976032225313)","(3090.3892037811697, 601.7112935711001)","(3066.3207520383257, 596.8976032225313)"
275,26,0.867533333333331,0:00:00.867533,0,"(2901.927359082616, 438.21050724401925)","(2906.7963647186607, 491.76956924051046)","(2911.6653703547054, 540.459625600957)","(2921.4033816267947, 589.1496819614036)","(2936.0103985349288, 637.8397383218502)","(2955.4864210791075, 686.5297946822968)","(2989.56946053142, 720.6128341346094)","(3038.2595168918665, 740.088856678788)","(3096.6875845244026, 749.8268679508774)","(3155.1156521569383, 744.9578623148327)","(3203.805708517385, 730.3508454066987)","(3242.7577536057424, 696.2678059543861)","(3262.233776149921, 657.3157608660289)","(3276.8407930580547, 608.6257045055822)","(3286.578804330144, 559.9356481451357)","(3296.3168156022334, 511.2455917846891)","(3301.185821238278, 462.5555354242425)","(2950.617415443063, 379.7824396114833)","(2979.831449259331, 350.56840579521537)","(3013.9144887116436, 345.69940015917075)","(3052.8665338000005, 345.69940015917075)","(3091.818578888358, 355.43741143126005)","(3140.5086352488047, 360.3064170673047)","(3174.591674701117, 355.43741143126005)","(3213.5437197894744, 355.43741143126005)","(3247.626759241787, 370.044428339394)","(3271.97178742201, 394.3894565196173)","(3111.2946014325366, 399.25846215566196)","(3111.2946014325366, 433.3415016079746)","(3111.2946014325366, 462.5555354242425)","(3111.2946014325366, 496.63857487655514)","(3067.4735507081346, 525.8526086928231)","(3086.9495732523133, 535.5906199649124)","(3111.2946014325366, 545.3286312370017)","(3130.7706239767153, 540.459625600957)","(3150.2466465208936, 535.5906199649124)","(2989.56946053142, 413.86547906379593)","(3013.9144887116436, 399.25846215566196)","(3038.2595168918665, 399.25846215566196)","(3057.735539436045, 418.7344846998406)","(3033.390511255822, 413.86547906379593)","(3009.045483075599, 413.86547906379593)","(3159.984657792983, 423.6034903358853)","(3189.198691609251, 408.99647342775125)","(3213.5437197894744, 413.86547906379593)","(3233.019742333653, 428.4724959719299)","(3213.5437197894744, 428.4724959719299)","(3189.198691609251, 423.6034903358853)","(3033.390511255822, 603.7566988695376)","(3057.735539436045, 574.5426650532696)","(3086.9495732523133, 559.9356481451357)","(3106.425595796492, 564.8046537811804)","(3130.7706239767153, 559.9356481451357)","(3159.984657792983, 579.4116706893143)","(3184.3296859732063, 608.6257045055822)","(3155.1156521569383, 623.2327214137163)","(3125.9016183406707, 632.9707326858055)","(3106.425595796492, 637.8397383218502)","(3082.0805676162686, 632.9707326858055)","(3052.8665338000005, 623.2327214137163)","(3043.128522527911, 603.7566988695376)","(3086.9495732523133, 589.1496819614036)","(3106.425595796492, 589.1496819614036)","(3130.7706239767153, 589.1496819614036)","(3169.7226690650723, 603.7566988695376)","(3125.9016183406707, 603.7566988695376)","(3106.425595796492, 608.6257045055822)","(3082.0805676162686, 603.7566988695376)"
275,27,0.9008999999999976,0:00:00.900900,0,"(2926.388624314533, 444.1399261185632)","(2926.388624314533, 498.42369486638756)","(2936.258400450501, 552.707463614212)","(2946.128176586469, 602.0563442940523)","(2960.9328407904213, 651.4052249738927)","(2980.6723930623575, 695.819217585749)","(3020.1514976062294, 730.3634340616372)","(3069.50037828607, 750.1029863335734)","(3123.7841470338944, 755.0378744015574)","(3183.002803849703, 750.1029863335734)","(3237.286572597527, 735.2983221296213)","(3271.8307890734154, 700.7541056537331)","(3291.5703413453516, 656.3401130418767)","(3306.3750055493038, 606.9912323620364)","(3316.244781685272, 557.642351682196)","(3326.11455782124, 508.29347100235566)","(3326.11455782124, 458.9445903225153)","(2970.8026169263894, 384.92126930275475)","(2995.4770572663097, 360.24682896283457)","(3034.9561618101816, 350.37705282686653)","(3074.435266354054, 350.37705282686653)","(3113.9143708979263, 360.24682896283457)","(3158.328363509783, 360.24682896283457)","(3197.8074680536547, 355.3119408948505)","(3237.286572597527, 360.24682896283457)","(3271.8307890734154, 370.11660509880267)","(3296.5052294133357, 399.72593350670684)","(3133.6539231698625, 404.6608215746909)","(3133.6539231698625, 434.2701499825951)","(3133.6539231698625, 468.81436645848333)","(3133.6539231698625, 503.3585829343716)","(3089.239930558006, 532.9679113422758)","(3108.9794828299423, 542.8376874782439)","(3133.6539231698625, 552.707463614212)","(3153.3934754417987, 547.7725755462279)","(3173.133027713735, 537.9027994102598)","(3010.2817214702613, 419.46548577864303)","(3034.9561618101816, 404.6608215746909)","(3059.630602150102, 409.59570964267493)","(3084.305042490022, 419.46548577864303)","(3054.695714082118, 419.46548577864303)","(3034.9561618101816, 419.46548577864303)","(3183.002803849703, 424.400373846627)","(3212.612132257607, 414.530597710659)","(3237.286572597527, 414.530597710659)","(3257.0261248694633, 429.33526191461107)","(3232.351684529543, 429.33526191461107)","(3212.612132257607, 429.33526191461107)","(3054.695714082118, 611.9261204300204)","(3079.370154422038, 582.3167920221161)","(3108.9794828299423, 567.5121278181641)","(3133.6539231698625, 572.447015886148)","(3153.3934754417987, 567.5121278181641)","(3187.937691917687, 582.3167920221161)","(3212.612132257607, 611.9261204300204)","(3183.002803849703, 631.6656727019565)","(3153.3934754417987, 641.5354488379246)","(3128.7190351018785, 646.4703369059087)","(3104.0445947619583, 641.5354488379246)","(3074.435266354054, 631.6656727019565)","(3064.565490218086, 611.9261204300204)","(3108.9794828299423, 597.1214562260683)","(3128.7190351018785, 597.1214562260683)","(3153.3934754417987, 597.1214562260683)","(3197.8074680536547, 611.9261204300204)","(3153.3934754417987, 611.9261204300204)","(3128.7190351018785, 611.9261204300204)","(3108.9794828299423, 611.9261204300204)"
275,28,0.934266666666664,0:00:00.934267,0,"(2833.5292911546967, 443.34131766366005)","(2838.348218520606, 491.53059132275354)","(2847.986073252425, 539.7198649818471)","(2857.6239279842434, 587.9091386409406)","(2872.0807100819716, 636.098412300034)","(2896.1753469115183, 679.4687585932181)","(2934.726765838793, 713.2012501545836)","(2982.9160394978867, 732.4769596182209)","(3035.9242405228897, 742.1148143500396)","(3093.751368913802, 732.4769596182209)","(3141.9406425728953, 718.0201775204929)","(3180.49206150017, 684.2876859591274)","(3199.7677709638074, 636.098412300034)","(3214.2245530615355, 587.9091386409406)","(3219.0434804274446, 539.7198649818471)","(3228.6813351592637, 491.53059132275354)","(3233.5002625251727, 438.5223902977507)","(2881.71856481379, 380.69526190683854)","(2905.813201643337, 351.78169771138244)","(2939.5456932047027, 346.9627703454731)","(2978.097112131977, 346.9627703454731)","(3011.829603693343, 356.6006250772918)","(3064.8378047183455, 356.6006250772918)","(3103.3892236456204, 346.9627703454731)","(3141.9406425728953, 351.78169771138244)","(3175.6731341342606, 361.41955244320116)","(3199.7677709638074, 385.5141892727479)","(3040.743167888799, 395.15204400456656)","(3040.743167888799, 428.884535565932)","(3040.743167888799, 457.79809976138813)","(3040.743167888799, 491.53059132275354)","(3002.191748961524, 525.263082884119)","(3021.4674584251616, 530.0820102500284)","(3040.743167888799, 534.9009376159377)","(3064.8378047183455, 530.0820102500284)","(3084.113514181983, 525.263082884119)","(2915.451056375156, 414.42775346820395)","(2939.5456932047027, 399.9709713704759)","(2963.6403300342495, 399.9709713704759)","(2987.734966863796, 414.42775346820395)","(2963.6403300342495, 414.42775346820395)","(2939.5456932047027, 414.42775346820395)","(3088.9324415478923, 414.42775346820395)","(3113.027078377439, 404.7898987363853)","(3137.1217152069858, 404.7898987363853)","(3161.2163520365325, 414.42775346820395)","(3137.1217152069858, 419.2466808341133)","(3113.027078377439, 414.42775346820395)","(2968.4592574001585, 602.3659207386686)","(2992.5538942297053, 568.6334291773031)","(3021.4674584251616, 554.1766470795751)","(3040.743167888799, 558.9955744454844)","(3064.8378047183455, 554.1766470795751)","(3093.751368913802, 568.6334291773031)","(3117.8460057433485, 597.5469933727592)","(3093.751368913802, 616.8227028363966)","(3064.8378047183455, 626.4605575682153)","(3040.743167888799, 631.2794849341246)","(3016.648531059252, 631.2794849341246)","(2987.734966863796, 621.6416302023059)","(2978.097112131977, 597.5469933727592)","(3021.4674584251616, 583.0902112750312)","(3040.743167888799, 583.0902112750312)","(3064.8378047183455, 583.0902112750312)","(3103.3892236456204, 592.7280660068499)","(3064.8378047183455, 597.5469933727592)","(3040.743167888799, 602.3659207386686)","(3016.648531059252, 602.3659207386686)"
275,29,0.9676333333333308,0:00:00.967633,0,"(2848.5686746897627, 448.7471199853736)","(2853.4463607765606, 502.4016669401465)","(2863.2017329501555, 551.1785278081219)","(2872.957105123751, 604.8330747628949)","(2887.590163384143, 648.7322495440727)","(2911.978593818131, 692.6314243252506)","(2955.8777685993086, 726.7752269328333)","(3004.6546294672844, 746.2859712800235)","(3063.1868625088546, 751.1636573668211)","(3116.8414094636278, 741.408285193226)","(3165.618270331603, 721.8975408460358)","(3204.6397590259835, 687.753738238453)","(3224.1505033731733, 643.8545634572752)","(3233.9058755467686, 595.0777025892997)","(3243.6612477203635, 541.4231556345269)","(3248.5389338071614, 492.6462947665515)","(3248.5389338071614, 443.86943389857606)","(2892.4678494709406, 390.21488694380315)","(2916.8562799049287, 360.9487704230179)","(2951.000082512511, 351.19339824942284)","(2994.899257293689, 351.19339824942284)","(3033.9207459880695, 360.9487704230179)","(3077.8199207692473, 360.9487704230179)","(3116.8414094636278, 351.19339824942284)","(3155.8628981580077, 351.19339824942284)","(3190.0067007655907, 365.82645650981544)","(3214.3951311995784, 390.21488694380315)","(3053.4314903352597, 399.9702591173982)","(3058.309176422057, 434.114061724981)","(3058.309176422057, 468.25786433256377)","(3058.309176422057, 502.4016669401465)","(3014.4100016408793, 531.6677834609318)","(3038.798432074867, 541.4231556345269)","(3058.309176422057, 546.3008417213244)","(3082.697606856045, 541.4231556345269)","(3102.208351203235, 531.6677834609318)","(2931.489338165321, 419.48100346458835)","(2955.8777685993086, 409.7256312909933)","(2980.2661990332963, 404.84794520419575)","(3004.6546294672844, 419.48100346458835)","(2980.2661990332963, 419.48100346458835)","(2955.8777685993086, 424.3586895513859)","(3102.208351203235, 419.48100346458835)","(3131.47446772402, 404.84794520419575)","(3155.8628981580077, 404.84794520419575)","(3180.2513285919954, 419.48100346458835)","(3155.8628981580077, 419.48100346458835)","(3131.47446772402, 419.48100346458835)","(2980.2661990332963, 609.7107608496924)","(3009.532315554082, 575.5669582421096)","(3038.798432074867, 565.8115860685145)","(3063.1868625088546, 565.8115860685145)","(3082.697606856045, 560.933899981717)","(3116.8414094636278, 570.6892721553121)","(3146.107525984413, 599.9553886760973)","(3116.8414094636278, 619.4661330232875)","(3087.575292942842, 634.09919128368)","(3063.1868625088546, 638.9768773704776)","(3038.798432074867, 638.9768773704776)","(3009.532315554082, 629.2215051968826)","(2994.899257293689, 604.8330747628949)","(3038.798432074867, 590.2000165025022)","(3063.1868625088546, 590.2000165025022)","(3087.575292942842, 590.2000165025022)","(3131.47446772402, 599.9553886760973)","(3087.575292942842, 604.8330747628949)","(3063.1868625088546, 609.7107608496924)","(3038.798432074867, 609.7107608496924)"
275,30,1.0009999999999972,0:00:01.001000,0,"(2833.303723237132, 458.4002581485205)","(2838.1803217280735, 507.16624305793755)","(2847.933518709957, 555.9322279673546)","(2862.563314182782, 604.6982128767717)","(2877.1931096556073, 653.4641977861887)","(2901.576102110316, 697.3535842046641)","(2935.7122915469076, 726.6131751503144)","(2989.3548749472666, 746.1195691140812)","(3042.997458347625, 750.996167605023)","(3101.516640238926, 741.2429706231395)","(3150.282625148343, 726.6131751503144)","(3184.418814584935, 692.4769857137225)","(3203.9252085487014, 643.7110008043054)","(3213.678405530585, 594.9450158948882)","(3223.4316025124685, 546.1790309854712)","(3228.30820100341, 497.4130460760541)","(3233.184799494352, 448.64706116663706)","(2872.3165111646654, 395.0044777662783)","(2896.699503619374, 365.74488682062804)","(2935.7122915469076, 355.9916898387446)","(2974.7250794744414, 355.9916898387446)","(3013.737867401975, 365.74488682062804)","(3062.503852311392, 360.8682883296863)","(3101.516640238926, 351.11509134780295)","(3135.6528296755178, 351.11509134780295)","(3169.7890191121096, 360.8682883296863)","(3199.04861005776, 385.25128078439485)","(3038.1208598566836, 399.88107625722)","(3038.1208598566836, 434.01726569381196)","(3038.1208598566836, 468.15345513040387)","(3042.997458347625, 502.28964456699583)","(2999.10807192915, 531.5492355126461)","(3018.6144658929165, 541.3024324945295)","(3042.997458347625, 546.1790309854712)","(3062.503852311392, 541.3024324945295)","(3082.010246275159, 531.5492355126461)","(2916.205897583141, 424.26406871192853)","(2935.7122915469076, 409.6342732391034)","(2960.095284001616, 404.7576747481617)","(2989.3548749472666, 419.3874702209868)","(2960.095284001616, 424.26406871192853)","(2935.7122915469076, 424.26406871192853)","(3086.8868447661007, 419.3874702209868)","(3111.269837220809, 404.7576747481617)","(3135.6528296755178, 404.7576747481617)","(3160.0358221302263, 419.3874702209868)","(3135.6528296755178, 419.3874702209868)","(3111.269837220809, 419.3874702209868)","(2964.971882492558, 609.5748113677134)","(2994.231473438208, 580.3152204220631)","(3023.4910643838584, 565.685424949238)","(3047.874056838567, 570.5620234401797)","(3072.2570492932755, 560.8088264582964)","(3101.516640238926, 570.5620234401797)","(3125.8996326936344, 599.82161438583)","(3101.516640238926, 619.3280083495968)","(3072.2570492932755, 633.957803822422)","(3047.874056838567, 638.8344023133636)","(3023.4910643838584, 638.8344023133636)","(2994.231473438208, 629.0812053314802)","(2979.6016779653833, 604.6982128767717)","(3023.4910643838584, 590.0684174039466)","(3047.874056838567, 590.0684174039466)","(3072.2570492932755, 590.0684174039466)","(3111.269837220809, 599.82161438583)","(3072.2570492932755, 604.6982128767717)","(3047.874056838567, 609.5748113677134)","(3023.4910643838584, 609.5748113677134)"
